
V2= 0 to -65 in -0.1 step
NO. V2 I2
 V A
1 0 -3E-14
2 -0.1 -2E-13
3 -0.2 -7.5E-13
4 -0.3 -1.01E-12
5 -0.4 -9.6E-13
6 -0.5 -1.27E-12
7 -0.6 -1.27E-12
8 -0.7 -1.61E-12
9 -0.8 -1.87E-12
10 -0.9 -1.85E-12
11 -1 -2.18E-12
12 -1.1 -2.18E-12
13 -1.2 -2.49E-12
14 -1.3 -2.76E-12
15 -1.4 -2.88E-12
16 -1.5 -3.11E-12
17 -1.6 -3.43E-12
18 -1.7 -3.55E-12
19 -1.8 -3.83E-12
20 -1.9 -3.87E-12
21 -2 -4.22E-12
22 -2.1 -4.56E-12
23 -2.2 -4.54E-12
24 -2.3 -4.91E-12
25 -2.4 -5E-12
26 -2.5 -5.31E-12
27 -2.6 -5.57E-12
28 -2.7 -5.66E-12
29 -2.8 -6.07E-12
30 -2.9 -6.41E-12
31 -3 -6.43E-12
32 -3.1 -6.8E-12
33 -3.2 -6.85E-12
34 -3.3 -7.24E-12
35 -3.4 -7.53E-12
36 -3.5 -7.64E-12
37 -3.6 -8.04E-12
38 -3.7 -8.13E-12
39 -3.8 -8.54E-12
40 -3.9 -8.84E-12
41 -4 -8.94E-12
42 -4.1 -9.32E-12
43 -4.2 -9.67E-12
44 -4.3 -9.73E-12
45 -4.4 -1.019E-11
46 -4.5 -1.026E-11
47 -4.6 -1.064E-11
48 -4.7 -1.097E-11
49 -4.8 -1.104E-11
50 -4.9 -1.15E-11
51 -5 -1.154E-11
52 -5.1 -1.197E-11
53 -5.2 -1.243E-11
54 -5.3 -1.248E-11
55 -5.4 -1.295E-11
56 -5.5 -1.307E-11
57 -5.6 -1.353E-11
58 -5.7 -1.389E-11
59 -5.8 -1.399E-11
60 -5.9 -1.444E-11
61 -6 -1.455E-11
62 -6.1 -1.497E-11
63 -6.2 -1.533E-11
64 -6.3 -1.549E-11
65 -6.4 -1.595E-11
66 -6.5 -1.611E-11
67 -6.6 -1.649E-11
68 -6.7 -1.695E-11
69 -6.8 -1.703E-11
70 -6.9 -1.757E-11
71 -7 -1.791E-11
72 -7.1 -1.808E-11
73 -7.2 -1.854E-11
74 -7.3 -1.866E-11
75 -7.4 -1.918E-11
76 -7.5 -1.957E-11
77 -7.6 -1.974E-11
78 -7.7 -2.02E-11
79 -7.8 -2.038E-11
80 -7.9 -2.083E-11
81 -8 -2.132E-11
82 -8.1 -2.137E-11
83 -8.2 -2.198E-11
84 -8.3 -2.209E-11
85 -8.4 -2.256E-11
86 -8.5 -2.311E-11
87 -8.6 -2.326E-11
88 -8.7 -2.376E-11
89 -8.8 -2.423E-11
90 -8.9 -2.433E-11
91 -9 -2.486E-11
92 -9.1 -2.506E-11
93 -9.2 -2.561E-11
94 -9.3 -2.602E-11
95 -9.4 -2.625E-11
96 -9.5 -2.674E-11
97 -9.6 -2.698E-11
98 -9.7 -2.746E-11
99 -9.8 -2.797E-11
100 -9.9 -2.814E-11
101 -10 -2.87E-11
102 -10.1 -2.927E-11
103 -10.2 -2.941E-11
104 -10.3 -2.996E-11
105 -10.4 -3.022E-11
106 -10.5 -3.076E-11
107 -10.6 -3.128E-11
108 -10.7 -3.136E-11
109 -10.8 -3.198E-11
110 -10.9 -3.233E-11
111 -11 -3.278E-11
112 -11.1 -3.331E-11
113 -11.2 -3.353E-11
114 -11.3 -3.418E-11
115 -11.4 -3.467E-11
116 -11.5 -3.492E-11
117 -11.6 -3.548E-11
118 -11.7 -3.572E-11
119 -11.8 -3.636E-11
120 -11.9 -3.686E-11
121 -12 -3.715E-11
122 -12.1 -3.774E-11
123 -12.2 -3.819E-11
124 -12.3 -3.846E-11
125 -12.4 -3.913E-11
126 -12.5 -3.967E-11
127 -12.6 -3.992E-11
128 -12.7 -4.048E-11
129 -12.8 -4.082E-11
130 -12.9 -4.143E-11
131 -13 -4.182E-11
132 -13.1 -4.228E-11
133 -13.2 -4.289E-11
134 -13.3 -4.352E-11
135 -13.4 -4.372E-11
136 -13.5 -4.444E-11
137 -13.6 -4.496E-11
138 -13.7 -4.533E-11
139 -13.8 -4.593E-11
140 -13.9 -4.651E-11
141 -14 -4.686E-11
142 -14.1 -4.749E-11
143 -14.2 -4.776E-11
144 -14.3 -4.848E-11
145 -14.4 -4.902E-11
146 -14.5 -4.94E-11
147 -14.6 -5.002E-11
148 -14.7 -5.068E-11
149 -14.8 -5.102E-11
150 -14.9 -5.168E-11
151 -15 -5.229E-11
152 -15.1 -5.262E-11
153 -15.2 -5.328E-11
154 -15.3 -5.397E-11
155 -15.4 -5.456E-11
156 -15.5 -5.497E-11
157 -15.6 -5.565E-11
158 -15.7 -5.619E-11
159 -15.8 -5.654E-11
160 -15.9 -5.735E-11
161 -16 -5.796E-11
162 -16.1 -5.841E-11
163 -16.2 -5.908E-11
164 -16.3 -5.961E-11
165 -16.4 -6.01E-11
166 -16.5 -6.093E-11
167 -16.6 -6.144E-11
168 -16.7 -6.181E-11
169 -16.8 -6.255E-11
170 -16.9 -6.329E-11
171 -17 -6.371E-11
172 -17.1 -6.438E-11
173 -17.2 -6.508E-11
174 -17.3 -6.576E-11
175 -17.4 -6.621E-11
176 -17.5 -6.685E-11
177 -17.6 -6.77E-11
178 -17.7 -6.817E-11
179 -17.8 -6.882E-11
180 -17.9 -6.955E-11
181 -18 -6.995E-11
182 -18.1 -7.08E-11
183 -18.2 -7.136E-11
184 -18.3 -7.188E-11
185 -18.4 -7.275E-11
186 -18.5 -7.351E-11
187 -18.6 -7.401E-11
188 -18.7 -7.464E-11
189 -18.8 -7.531E-11
190 -18.9 -7.61E-11
191 -19 -7.657E-11
192 -19.1 -7.729E-11
193 -19.2 -7.803E-11
194 -19.3 -7.88E-11
195 -19.4 -7.929E-11
196 -19.5 -8.02E-11
197 -19.6 -8.072E-11
198 -19.7 -8.135E-11
199 -19.8 -8.21E-11
200 -19.9 -8.285E-11
201 -20 -8.352E-11
202 -20.1 -8.427E-11
203 -20.2 -8.506E-11
204 -20.3 -8.586E-11
205 -20.4 -8.633E-11
206 -20.5 -8.736E-11
207 -20.6 -8.808E-11
208 -20.7 -8.876E-11
209 -20.8 -8.933E-11
210 -20.9 -9.014E-11
211 -21 -9.081E-11
212 -21.1 -9.173E-11
213 -21.2 -9.243E-11
214 -21.3 -9.303E-11
215 -21.4 -9.406E-11
216 -21.5 -9.49E-11
217 -21.6 -9.543E-11
218 -21.7 -9.632E-11
219 -21.8 -9.711E-11
220 -21.9 -9.8E-11
221 -22 -9.849E-11
222 -22.1 -9.931E-11
223 -22.2 -1.0016E-10
224 -22.3 -1.011E-10
225 -22.4 -1.018E-10
226 -22.5 -1.0278E-10
227 -22.6 -1.0322E-10
228 -22.7 -1.0423E-10
229 -22.8 -1.0493E-10
230 -22.9 -1.0589E-10
231 -23 -1.0671E-10
232 -23.1 -1.0769E-10
233 -23.2 -1.0844E-10
234 -23.3 -1.0918E-10
235 -23.4 -1.0993E-10
236 -23.5 -1.1086E-10
237 -23.6 -1.1202E-10
238 -23.7 -1.1267E-10
239 -23.8 -1.1352E-10
240 -23.9 -1.1437E-10
241 -24 -1.1528E-10
242 -24.1 -1.163E-10
243 -24.2 -1.1673E-10
244 -24.3 -1.1783E-10
245 -24.4 -1.1874E-10
246 -24.5 -1.1983E-10
247 -24.6 -1.2092E-10
248 -24.7 -1.2139E-10
249 -24.8 -1.2225E-10
250 -24.9 -1.2338E-10
251 -25 -1.243E-10
252 -25.1 -1.2543E-10
253 -25.2 -1.2615E-10
254 -25.3 -1.2717E-10
255 -25.4 -1.2835E-10
256 -25.5 -1.29E-10
257 -25.6 -1.3014E-10
258 -25.7 -1.3093E-10
259 -25.8 -1.3196E-10
260 -25.9 -1.3298E-10
261 -26 -1.3408E-10
262 -26.1 -1.3508E-10
263 -26.2 -1.3593E-10
264 -26.3 -1.362E-10
265 -26.4 -1.3776E-10
266 -26.5 -1.3907E-10
267 -26.6 -1.4004E-10
268 -26.7 -1.4098E-10
269 -26.8 -1.4204E-10
270 -26.9 -1.4252E-10
271 -27 -1.4405E-10
272 -27.1 -1.4536E-10
273 -27.2 -1.4638E-10
274 -27.3 -1.4657E-10
275 -27.4 -1.4854E-10
276 -27.5 -1.4988E-10
277 -27.6 -1.5079E-10
278 -27.7 -1.5089E-10
279 -27.8 -1.5313E-10
280 -27.9 -1.5403E-10
281 -28 -1.5424E-10
282 -28.1 -1.562E-10
283 -28.2 -1.5757E-10
284 -28.3 -1.5882E-10
285 -28.4 -1.5887E-10
286 -28.5 -1.6092E-10
287 -28.6 -1.6204E-10
288 -28.7 -1.6341E-10
289 -28.8 -1.6379E-10
290 -28.9 -1.6591E-10
291 -29 -1.6753E-10
292 -29.1 -1.6764E-10
293 -29.2 -1.6948E-10
294 -29.3 -1.7137E-10
295 -29.4 -1.7218E-10
296 -29.5 -1.7296E-10
297 -29.6 -1.7563E-10
298 -29.7 -1.7665E-10
299 -29.8 -1.7752E-10
300 -29.9 -1.8014E-10
301 -30 -1.8296E-10
302 -30.1 -1.8505E-10
303 -30.2 -1.9035E-10
304 -30.3 -1.9998E-10
305 -30.4 -2.1642E-10
306 -30.5 -2.5211E-10
307 -30.6 -3.2394E-10
308 -30.7 -4.5648E-10
309 -30.8 -6.682E-10
310 -30.9 -1.0094E-09
311 -31 -1.54309E-09
312 -31.1 -2.44433E-09
313 -31.2 -3.82948E-09
314 -31.3 -6.07333E-09
315 -31.4 -9.59801E-09
316 -31.5 -1.51916E-08
317 -31.6 -2.29418E-08
318 -31.7 -3.38225E-08
319 -31.8 -4.87301E-08
320 -31.9 -6.66877E-08
321 -32 -8.85316E-08
322 -32.1 -1.14976E-07
323 -32.2 -1.39972E-07
324 -32.3 -1.61153E-07
325 -32.4 -1.82E-07
326 -32.5 -2.0396E-07
327 -32.6 -2.32342E-07
328 -32.7 -2.63304E-07
329 -32.8 -2.9412E-07
330 -32.9 -3.28867E-07
331 -33 -3.5651E-07
332 -33.1 -3.80006E-07
333 -33.2 -3.94649E-07
334 -33.3 -4.06671E-07
335 -33.4 -4.16944E-07
336 -33.5 -4.24177E-07
337 -33.6 -4.32894E-07
338 -33.7 -4.43444E-07
339 -33.8 -4.51854E-07
340 -33.9 -4.62183E-07
341 -34 -4.71263E-07
342 -34.1 -4.82982E-07
343 -34.2 -4.92693E-07
344 -34.3 -5.01897E-07
345 -34.4 -5.07829E-07
346 -34.5 -5.17531E-07
347 -34.6 -5.26455E-07
348 -34.7 -5.39717E-07
349 -34.8 -5.53836E-07
350 -34.9 -5.69878E-07
351 -35 -5.82614E-07
352 -35.1 -5.90908E-07
353 -35.2 -5.94793E-07
354 -35.3 -5.96865E-07
355 -35.4 -5.98318E-07
356 -35.5 -6.01557E-07
357 -35.6 -6.04355E-07
358 -35.7 -6.05909E-07
359 -35.8 -6.07601E-07
360 -35.9 -6.09229E-07
361 -36 -6.11671E-07
362 -36.1 -6.13147E-07
363 -36.2 -6.15848E-07
364 -36.3 -6.17495E-07
365 -36.4 -6.19715E-07
366 -36.5 -6.21233E-07
367 -36.6 -6.22926E-07
368 -36.7 -6.25038E-07
369 -36.8 -6.26792E-07
370 -36.9 -6.28363E-07
371 -37 -6.30379E-07
372 -37.1 -6.31608E-07
373 -37.2 -6.33253E-07
374 -37.3 -6.34941E-07
375 -37.4 -6.36543E-07
376 -37.5 -6.38645E-07
377 -37.6 -6.40073E-07
378 -37.7 -6.41633E-07
379 -37.8 -6.43124E-07
380 -37.9 -6.44519E-07
381 -38 -6.45725E-07
382 -38.1 -6.47135E-07
383 -38.2 -6.48391E-07
384 -38.3 -6.49707E-07
385 -38.4 -6.50909E-07
386 -38.5 -6.51922E-07
387 -38.6 -6.53237E-07
388 -38.7 -6.54456E-07
389 -38.8 -6.55722E-07
390 -38.9 -6.56999E-07
391 -39 -6.58291E-07
392 -39.1 -6.59637E-07
393 -39.2 -6.60969E-07
394 -39.3 -6.6224E-07
395 -39.4 -6.63479E-07
396 -39.5 -6.6481E-07
397 -39.6 -6.66056E-07
398 -39.7 -6.67293E-07
399 -39.8 -6.68724E-07
400 -39.9 -6.70018E-07
401 -40 -6.7134E-07
402 -40.1 -6.72798E-07
403 -40.2 -6.74181E-07
404 -40.3 -6.75565E-07
405 -40.4 -6.76969E-07
406 -40.5 -6.78455E-07
407 -40.6 -6.79905E-07
408 -40.7 -6.8129E-07
409 -40.8 -6.82822E-07
410 -40.9 -6.84416E-07
411 -41 -6.85943E-07
412 -41.1 -6.8748E-07
413 -41.2 -6.89136E-07
414 -41.3 -6.90805E-07
415 -41.4 -6.92513E-07
416 -41.5 -6.9425E-07
417 -41.6 -6.95979E-07
418 -41.7 -6.97932E-07
419 -41.8 -6.99652E-07
420 -41.9 -7.01588E-07
421 -42 -7.03542E-07
422 -42.1 -7.05633E-07
423 -42.2 -7.07895E-07
424 -42.3 -7.09968E-07
425 -42.4 -7.12282E-07
426 -42.5 -7.14586E-07
427 -42.6 -7.16986E-07
428 -42.7 -7.19446E-07
429 -42.8 -7.21769E-07
430 -42.9 -7.24236E-07
431 -43 -7.27594E-07
432 -43.1 -7.30275E-07
433 -43.2 -7.32655E-07
434 -43.3 -7.35362E-07
435 -43.4 -7.38589E-07
436 -43.5 -7.41287E-07
437 -43.6 -7.44404E-07
438 -43.7 -7.47349E-07
439 -43.8 -7.50806E-07
440 -43.9 -7.53843E-07
441 -44 -7.56993E-07
442 -44.1 -7.59811E-07
443 -44.2 -7.63092E-07
444 -44.3 -7.66448E-07
445 -44.4 -7.70068E-07
446 -44.5 -7.73402E-07
447 -44.6 -7.76697E-07
448 -44.7 -7.80092E-07
449 -44.8 -7.83676E-07
450 -44.9 -7.87111E-07
451 -45 -7.90622E-07
452 -45.1 -7.94259E-07
453 -45.2 -7.97752E-07
454 -45.3 -8.01693E-07
455 -45.4 -8.05431E-07
456 -45.5 -8.08724E-07
457 -45.6 -8.1262E-07
458 -45.7 -8.16262E-07
459 -45.8 -8.2032E-07
460 -45.9 -8.24095E-07
461 -46 -8.28156E-07
462 -46.1 -8.32039E-07
463 -46.2 -8.35999E-07
464 -46.3 -8.40341E-07
465 -46.4 -8.45024E-07
466 -46.5 -8.47606E-07
467 -46.6 -8.5212E-07
468 -46.7 -8.56408E-07
469 -46.8 -8.60442E-07
470 -46.9 -8.64951E-07
471 -47 -8.69201E-07
472 -47.1 -8.73277E-07
473 -47.2 -8.77278E-07
474 -47.3 -8.81457E-07
475 -47.4 -8.85707E-07
476 -47.5 -8.90121E-07
477 -47.6 -8.94545E-07
478 -47.7 -8.99204E-07
479 -47.8 -9.03491E-07
480 -47.9 -9.07787E-07
481 -48 -9.12445E-07
482 -48.1 -9.17197E-07
483 -48.2 -9.21922E-07
484 -48.3 -9.26464E-07
485 -48.4 -9.31529E-07
486 -48.5 -9.3641E-07
487 -48.6 -9.41009E-07
488 -48.7 -9.44882E-07
489 -48.8 -9.49627E-07
490 -48.9 -9.53574E-07
491 -49 -9.57795E-07
492 -49.1 -9.62175E-07
493 -49.2 -9.65963E-07
494 -49.3 -9.69642E-07
495 -49.4 -9.73125E-07
496 -49.5 -9.75802E-07
497 -49.6 -9.7778E-07
498 -49.7 -9.79159E-07
499 -49.8 -9.8013E-07
500 -49.9 -9.81777E-07
501 -50 -9.84208E-07
502 -50.1 -9.87444E-07
503 -50.2 -9.90737E-07
504 -50.3 -9.94635E-07
505 -50.4 -9.98391E-07
506 -50.5 -1.002016E-06
507 -50.6 -1.005969E-06
508 -50.7 -1.011551E-06
509 -50.8 -1.015813E-06
510 -50.9 -1.021315E-06
511 -51 -1.027363E-06
512 -51.1 -1.032879E-06
513 -51.2 -1.038288E-06
514 -51.3 -1.043928E-06
515 -51.4 -1.047811E-06
516 -51.5 -1.052179E-06
517 -51.6 -1.056744E-06
518 -51.7 -1.062158E-06
519 -51.8 -1.066354E-06
520 -51.9 -1.070953E-06
521 -52 -1.075777E-06
522 -52.1 -1.081516E-06
523 -52.2 -1.086993E-06
524 -52.3 -1.092984E-06
525 -52.4 -1.098479E-06
526 -52.5 -1.103331E-06
527 -52.6 -1.108489E-06
528 -52.7 -1.113218E-06
529 -52.8 -1.116338E-06
530 -52.9 -1.119119E-06
531 -53 -1.123656E-06
532 -53.1 -1.129107E-06
533 -53.2 -1.134906E-06
534 -53.3 -1.1399E-06
535 -53.4 -1.14824E-06
536 -53.5 -1.15571E-06
537 -53.6 -1.16274E-06
538 -53.7 -1.17074E-06
539 -53.8 -1.17664E-06
540 -53.9 -1.18514E-06
541 -54 -1.18969E-06
542 -54.1 -1.19406E-06
543 -54.2 -1.19579E-06
544 -54.3 -1.19625E-06
545 -54.4 -1.19602E-06
546 -54.5 -1.19591E-06
547 -54.6 -1.19662E-06
548 -54.7 -1.20078E-06
549 -54.8 -1.20836E-06
550 -54.9 -1.2169E-06
551 -55 -1.22627E-06
552 -55.1 -1.23739E-06
553 -55.2 -1.2475E-06
554 -55.3 -1.25735E-06
555 -55.4 -1.26881E-06
556 -55.5 -1.2802E-06
557 -55.6 -1.29252E-06
558 -55.7 -1.30334E-06
559 -55.8 -1.3158E-06
560 -55.9 -1.32898E-06
561 -56 -1.34351E-06
562 -56.1 -1.35994E-06
563 -56.2 -1.38371E-06
564 -56.3 -1.44158E-06
565 -56.4 -1.58349E-06
566 -56.5 -1.84724E-06
567 -56.6 -2.28477E-06
568 -56.7 -3.24409E-06
569 -56.8 -4.62176E-06
570 -56.9 -6.3866E-06
571 -57 -7.65954E-06
572 -57.1 -9.05772E-06
573 -57.2 -1.033549E-05
574 -57.3 -1.16183E-05
575 -57.4 -1.31293E-05
576 -57.5 -1.4914E-05
577 -57.6 -1.64111E-05
578 -57.7 -1.80185E-05
579 -57.8 -1.93652E-05
580 -57.9 -2.19068E-05
581 -58 -2.36335E-05
582 -58.1 -2.50478E-05
583 -58.2 -2.68681E-05
584 -58.3 -2.73993E-05
585 -58.4 -3.48998E-05
586 -58.5 -4.18151E-05
587 -58.6 -4.40472E-05
588 -58.7 -4.67309E-05
589 -58.8 -4.89976E-05
590 -58.9 -3.7558E-05
591 -59 -4.11689E-05
592 -59.1 -4.59235E-05
593 -59.2 -5.28422E-05
594 -59.3 -5.61894E-05
595 -59.4 -5.86391E-05
596 -59.5 -5.90528E-05
597 -59.6 -6.30331E-05
598 -59.7 -8.30419E-05
599 -59.8 -8.70593E-05
600 -59.9 -9.53758E-05
601 -60 -9.84256E-05
602 -60.1 -9.99211E-05
603 -60.2 -9.99927E-05
604 -60.3 -9.99927E-05
605 -60.4 -9.99926E-05
606 -60.5 -9.99927E-05
607 -60.6 -9.99925E-05
608 -60.7 -9.99927E-05
609 -60.8 -9.99925E-05
610 -60.9 -9.99927E-05
611 -61 -9.99931E-05
612 -61.1 -9.9993E-05
613 -61.2 -9.99927E-05
614 -61.3 -9.99926E-05
615 -61.4 -9.99926E-05
616 -61.5 -9.99926E-05
617 -61.6 -9.99925E-05
618 -61.7 -9.99925E-05
619 -61.8 -9.99929E-05
620 -61.9 -9.99929E-05
621 -62 -9.99929E-05
622 -62.1 -9.99928E-05
623 -62.2 -9.99931E-05
624 -62.3 -9.9993E-05
625 -62.4 -9.99929E-05
626 -62.5 -9.99927E-05
627 -62.6 -9.99927E-05
628 -62.7 -9.99926E-05
629 -62.8 -9.99931E-05
630 -62.9 -9.99929E-05
631 -63 -9.99931E-05
632 -63.1 -9.99928E-05
633 -63.2 -9.99926E-05
634 -63.3 -9.99925E-05
635 -63.4 -9.99931E-05
636 -63.5 -9.99927E-05
637 -63.6 -9.99928E-05
638 -63.7 -9.9993E-05
639 -63.8 -9.99929E-05
640 -63.9 -9.99928E-05
641 -64 -9.99929E-05
642 -64.1 -9.99928E-05
643 -64.2 -9.99925E-05
644 -64.3 -9.99926E-05
645 -64.4 -9.99929E-05
646 -64.5 -9.99925E-05
647 -64.6 -9.99927E-05
648 -64.7 -9.9993E-05
649 -64.8 -9.99931E-05
650 -64.9 -9.99927E-05
651 -65 -9.99928E-05
