
V2= 0 to -65 in -0.1 step
NO. V2 I2
 V A
1 0 6.9E-13
2 -0.1 -1.194E-11
3 -0.2 -2.227E-11
4 -0.3 -2.817E-11
5 -0.4 -2.738E-11
6 -0.5 -2.88E-11
7 -0.6 -2.82E-11
8 -0.7 -2.939E-11
9 -0.8 -2.811E-11
10 -0.9 -2.927E-11
11 -1 -2.98E-11
12 -1.1 -2.852E-11
13 -1.2 -2.922E-11
14 -1.3 -2.885E-11
15 -1.4 -2.661E-11
16 -1.5 -3.078E-11
17 -1.6 -2.742E-11
18 -1.7 -3.197E-11
19 -1.8 -3.097E-11
20 -1.9 -3.362E-11
21 -2 -3.272E-11
22 -2.1 -3.323E-11
23 -2.2 -3.139E-11
24 -2.3 -3.193E-11
25 -2.4 -3.166E-11
26 -2.5 -3.477E-11
27 -2.6 -3.206E-11
28 -2.7 -3.361E-11
29 -2.8 -3.469E-11
30 -2.9 -3.418E-11
31 -3 -3.33E-11
32 -3.1 -3.792E-11
33 -3.2 -3.429E-11
34 -3.3 -3.482E-11
35 -3.4 -3.63E-11
36 -3.5 -3.489E-11
37 -3.6 -3.5E-11
38 -3.7 -3.659E-11
39 -3.8 -3.39E-11
40 -3.9 -3.638E-11
41 -4 -3.854E-11
42 -4.1 -3.832E-11
43 -4.2 -3.85E-11
44 -4.3 -4.379E-11
45 -4.4 -4.012E-11
46 -4.5 -3.962E-11
47 -4.6 -4.133E-11
48 -4.7 -4.146E-11
49 -4.8 -4.165E-11
50 -4.9 -4.171E-11
51 -5 -4.182E-11
52 -5.1 -4.201E-11
53 -5.2 -4.327E-11
54 -5.3 -4.335E-11
55 -5.4 -4.246E-11
56 -5.5 -4.46E-11
57 -5.6 -4.45E-11
58 -5.7 -4.761E-11
59 -5.8 -4.712E-11
60 -5.9 -4.892E-11
61 -6 -4.779E-11
62 -6.1 -4.993E-11
63 -6.2 -4.71E-11
64 -6.3 -4.753E-11
65 -6.4 -4.953E-11
66 -6.5 -5.086E-11
67 -6.6 -4.957E-11
68 -6.7 -4.254E-11
69 -6.8 -5.388E-11
70 -6.9 -5.062E-11
71 -7 -5.347E-11
72 -7.1 -5.252E-11
73 -7.2 -5.195E-11
74 -7.3 -5.09E-11
75 -7.4 -5.274E-11
76 -7.5 -5.529E-11
77 -7.6 -5.503E-11
78 -7.7 -5.435E-11
79 -7.8 -5.371E-11
80 -7.9 -6.089E-11
81 -8 -5.56E-11
82 -8.1 -5.542E-11
83 -8.2 -5.714E-11
84 -8.3 -6.101E-11
85 -8.4 -5.813E-11
86 -8.5 -5.576E-11
87 -8.6 -6.317E-11
88 -8.7 -6.231E-11
89 -8.8 -6.114E-11
90 -8.9 -6.1E-11
91 -9 -6.419E-11
92 -9.1 -5.393E-11
93 -9.2 -6.315E-11
94 -9.3 -6.202E-11
95 -9.4 -6.941E-11
96 -9.5 -6.813E-11
97 -9.6 -6.858E-11
98 -9.7 -6.806E-11
99 -9.8 -6.641E-11
100 -9.9 -6.76E-11
101 -10 -6.703E-11
102 -10.1 -7.051E-11
103 -10.2 -7.034E-11
104 -10.3 -7.324E-11
105 -10.4 -6.645E-11
106 -10.5 -7.178E-11
107 -10.6 -7.396E-11
108 -10.7 -7.056E-11
109 -10.8 -6.78E-11
110 -10.9 -7.679E-11
111 -11 -7.435E-11
112 -11.1 -7.543E-11
113 -11.2 -7.699E-11
114 -11.3 -7.899E-11
115 -11.4 -7.674E-11
116 -11.5 -7.819E-11
117 -11.6 -8.021E-11
118 -11.7 -7.712E-11
119 -11.8 -7.902E-11
120 -11.9 -8.39E-11
121 -12 -7.547E-11
122 -12.1 -8.327E-11
123 -12.2 -8.937E-11
124 -12.3 -8.456E-11
125 -12.4 -8.615E-11
126 -12.5 -8.568E-11
127 -12.6 -8.55E-11
128 -12.7 -8.946E-11
129 -12.8 -8.922E-11
130 -12.9 -8.691E-11
131 -13 -8.829E-11
132 -13.1 -9.204E-11
133 -13.2 -8.799E-11
134 -13.3 -9.113E-11
135 -13.4 -9.311E-11
136 -13.5 -9.553E-11
137 -13.6 -9.342E-11
138 -13.7 -9.625E-11
139 -13.8 -9.769E-11
140 -13.9 -9.491E-11
141 -14 -9.57E-11
142 -14.1 -1.0166E-10
143 -14.2 -9.683E-11
144 -14.3 -1.0111E-10
145 -14.4 -1.0172E-10
146 -14.5 -1.0191E-10
147 -14.6 -1.0898E-10
148 -14.7 -1.0538E-10
149 -14.8 -1.0354E-10
150 -14.9 -1.1003E-10
151 -15 -1.0822E-10
152 -15.1 -1.1003E-10
153 -15.2 -1.0582E-10
154 -15.3 -1.0945E-10
155 -15.4 -1.1054E-10
156 -15.5 -1.185E-10
157 -15.6 -1.0512E-10
158 -15.7 -1.1694E-10
159 -15.8 -1.149E-10
160 -15.9 -1.2059E-10
161 -16 -1.2338E-10
162 -16.1 -1.1953E-10
163 -16.2 -1.2039E-10
164 -16.3 -1.1411E-10
165 -16.4 -1.2307E-10
166 -16.5 -1.2623E-10
167 -16.6 -1.2585E-10
168 -16.7 -1.2598E-10
169 -16.8 -1.2824E-10
170 -16.9 -1.2703E-10
171 -17 -1.2908E-10
172 -17.1 -1.2951E-10
173 -17.2 -1.3098E-10
174 -17.3 -1.2991E-10
175 -17.4 -1.3349E-10
176 -17.5 -1.2786E-10
177 -17.6 -1.3431E-10
178 -17.7 -1.3455E-10
179 -17.8 -1.3796E-10
180 -17.9 -1.4577E-10
181 -18 -1.3974E-10
182 -18.1 -1.4058E-10
183 -18.2 -1.3907E-10
184 -18.3 -1.3988E-10
185 -18.4 -1.4724E-10
186 -18.5 -1.4359E-10
187 -18.6 -1.469E-10
188 -18.7 -1.4573E-10
189 -18.8 -1.4589E-10
190 -18.9 -1.3999E-10
191 -19 -1.4885E-10
192 -19.1 -1.4932E-10
193 -19.2 -1.4901E-10
194 -19.3 -1.5434E-10
195 -19.4 -1.5346E-10
196 -19.5 -1.5368E-10
197 -19.6 -1.5705E-10
198 -19.7 -1.5591E-10
199 -19.8 -1.56E-10
200 -19.9 -1.6028E-10
201 -20 -1.6107E-10
202 -20.1 -1.6265E-10
203 -20.2 -1.6227E-10
204 -20.3 -1.632E-10
205 -20.4 -1.6923E-10
206 -20.5 -1.6905E-10
207 -20.6 -1.6895E-10
208 -20.7 -1.6796E-10
209 -20.8 -1.7217E-10
210 -20.9 -1.5783E-10
211 -21 -1.7218E-10
212 -21.1 -1.7854E-10
213 -21.2 -1.7504E-10
214 -21.3 -1.7801E-10
215 -21.4 -1.7931E-10
216 -21.5 -1.793E-10
217 -21.6 -1.7976E-10
218 -21.7 -1.8326E-10
219 -21.8 -1.8352E-10
220 -21.9 -1.863E-10
221 -22 -1.8518E-10
222 -22.1 -1.8728E-10
223 -22.2 -1.8898E-10
224 -22.3 -1.8144E-10
225 -22.4 -1.9482E-10
226 -22.5 -1.9628E-10
227 -22.6 -1.9572E-10
228 -22.7 -1.9453E-10
229 -22.8 -1.983E-10
230 -22.9 -1.9347E-10
231 -23 -2.0131E-10
232 -23.1 -1.9795E-10
233 -23.2 -2.0234E-10
234 -23.3 -2.0344E-10
235 -23.4 -2.0879E-10
236 -23.5 -2.0938E-10
237 -23.6 -2.0852E-10
238 -23.7 -2.1153E-10
239 -23.8 -2.1104E-10
240 -23.9 -2.1431E-10
241 -24 -2.1547E-10
242 -24.1 -2.1701E-10
243 -24.2 -2.1911E-10
244 -24.3 -2.1892E-10
245 -24.4 -2.2228E-10
246 -24.5 -2.2397E-10
247 -24.6 -2.2123E-10
248 -24.7 -2.2532E-10
249 -24.8 -2.3046E-10
250 -24.9 -2.2868E-10
251 -25 -2.2752E-10
252 -25.1 -2.3221E-10
253 -25.2 -2.3626E-10
254 -25.3 -2.3555E-10
255 -25.4 -2.3871E-10
256 -25.5 -2.3982E-10
257 -25.6 -2.4568E-10
258 -25.7 -2.4354E-10
259 -25.8 -2.4557E-10
260 -25.9 -2.4643E-10
261 -26 -2.4894E-10
262 -26.1 -2.5195E-10
263 -26.2 -2.5339E-10
264 -26.3 -2.544E-10
265 -26.4 -2.5781E-10
266 -26.5 -2.592E-10
267 -26.6 -2.6168E-10
268 -26.7 -2.6142E-10
269 -26.8 -2.6062E-10
270 -26.9 -2.6514E-10
271 -27 -2.7018E-10
272 -27.1 -2.7237E-10
273 -27.2 -2.694E-10
274 -27.3 -2.7398E-10
275 -27.4 -2.7723E-10
276 -27.5 -2.7551E-10
277 -27.6 -2.7981E-10
278 -27.7 -2.8238E-10
279 -27.8 -2.843E-10
280 -27.9 -2.8249E-10
281 -28 -2.8648E-10
282 -28.1 -2.8438E-10
283 -28.2 -2.9888E-10
284 -28.3 -2.9498E-10
285 -28.4 -2.9588E-10
286 -28.5 -2.9871E-10
287 -28.6 -3.0133E-10
288 -28.7 -3.0253E-10
289 -28.8 -3.0602E-10
290 -28.9 -3.0674E-10
291 -29 -3.1003E-10
292 -29.1 -3.1046E-10
293 -29.2 -3.1499E-10
294 -29.3 -3.2033E-10
295 -29.4 -3.1935E-10
296 -29.5 -3.2088E-10
297 -29.6 -3.2425E-10
298 -29.7 -3.2741E-10
299 -29.8 -3.262E-10
300 -29.9 -3.333E-10
301 -30 -3.3156E-10
302 -30.1 -3.3527E-10
303 -30.2 -3.3796E-10
304 -30.3 -3.4264E-10
305 -30.4 -3.3734E-10
306 -30.5 -3.4331E-10
307 -30.6 -3.4687E-10
308 -30.7 -3.4978E-10
309 -30.8 -3.5162E-10
310 -30.9 -3.5523E-10
311 -31 -3.6616E-10
312 -31.1 -3.6228E-10
313 -31.2 -3.6405E-10
314 -31.3 -3.6668E-10
315 -31.4 -3.6987E-10
316 -31.5 -3.7541E-10
317 -31.6 -3.7461E-10
318 -31.7 -3.7259E-10
319 -31.8 -3.8137E-10
320 -31.9 -3.8335E-10
321 -32 -3.8825E-10
322 -32.1 -3.887E-10
323 -32.2 -3.9433E-10
324 -32.3 -3.9702E-10
325 -32.4 -4.0019E-10
326 -32.5 -4.0275E-10
327 -32.6 -4.0875E-10
328 -32.7 -4.0904E-10
329 -32.8 -4.1647E-10
330 -32.9 -4.0985E-10
331 -33 -4.1528E-10
332 -33.1 -4.2114E-10
333 -33.2 -4.2625E-10
334 -33.3 -4.3394E-10
335 -33.4 -4.3058E-10
336 -33.5 -4.381E-10
337 -33.6 -4.3967E-10
338 -33.7 -4.4376E-10
339 -33.8 -4.5579E-10
340 -33.9 -4.5309E-10
341 -34 -4.5686E-10
342 -34.1 -4.6513E-10
343 -34.2 -4.7353E-10
344 -34.3 -4.8407E-10
345 -34.4 -5.0007E-10
346 -34.5 -5.2603E-10
347 -34.6 -5.6989E-10
348 -34.7 -6.4188E-10
349 -34.8 -7.8009E-10
350 -34.9 -1.05282E-09
351 -35 -1.50689E-09
352 -35.1 -2.34129E-09
353 -35.2 -3.84401E-09
354 -35.3 -6.6875E-09
355 -35.4 -1.15243E-08
356 -35.5 -1.95758E-08
357 -35.6 -3.29708E-08
358 -35.7 -5.13944E-08
359 -35.8 -7.70575E-08
360 -35.9 -1.108839E-07
361 -36 -1.35538E-07
362 -36.1 -1.65507E-07
363 -36.2 -3.59918E-07
364 -36.3 -4.21911E-07
365 -36.4 -4.8284E-07
366 -36.5 -5.0996E-07
367 -36.6 -5.34193E-07
368 -36.7 -5.51889E-07
369 -36.8 -5.66764E-07
370 -36.9 -5.83591E-07
371 -37 -5.95593E-07
372 -37.1 -6.03794E-07
373 -37.2 -6.15092E-07
374 -37.3 -6.23108E-07
375 -37.4 -6.41037E-07
376 -37.5 -6.54449E-07
377 -37.6 -6.65685E-07
378 -37.7 -6.75564E-07
379 -37.8 -6.86798E-07
380 -37.9 -6.9866E-07
381 -38 -7.17768E-07
382 -38.1 -7.28468E-07
383 -38.2 -7.38637E-07
384 -38.3 -7.48107E-07
385 -38.4 -7.57779E-07
386 -38.5 -7.67717E-07
387 -38.6 -7.79592E-07
388 -38.7 -7.92314E-07
389 -38.8 -8.06435E-07
390 -38.9 -8.18181E-07
391 -39 -8.2624E-07
392 -39.1 -8.31217E-07
393 -39.2 -8.34306E-07
394 -39.3 -8.37633E-07
395 -39.4 -8.40969E-07
396 -39.5 -8.43808E-07
397 -39.6 -8.46873E-07
398 -39.7 -8.51287E-07
399 -39.8 -8.54637E-07
400 -39.9 -8.5766E-07
401 -40 -8.63985E-07
402 -40.1 -8.64641E-07
403 -40.2 -8.68787E-07
404 -40.3 -8.72776E-07
405 -40.4 -8.77043E-07
406 -40.5 -8.81045E-07
407 -40.6 -8.85119E-07
408 -40.7 -8.88726E-07
409 -40.8 -8.91687E-07
410 -40.9 -8.95517E-07
411 -41 -8.99751E-07
412 -41.1 -9.04024E-07
413 -41.2 -9.08992E-07
414 -41.3 -9.12044E-07
415 -41.4 -9.15746E-07
416 -41.5 -9.19537E-07
417 -41.6 -9.22986E-07
418 -41.7 -9.27636E-07
419 -41.8 -9.31484E-07
420 -41.9 -9.35154E-07
421 -42 -9.39386E-07
422 -42.1 -9.43222E-07
423 -42.2 -9.47247E-07
424 -42.3 -9.51365E-07
425 -42.4 -9.55294E-07
426 -42.5 -9.59452E-07
427 -42.6 -9.63511E-07
428 -42.7 -9.67861E-07
429 -42.8 -9.72319E-07
430 -42.9 -9.76764E-07
431 -43 -9.81496E-07
432 -43.1 -9.8605E-07
433 -43.2 -9.90973E-07
434 -43.3 -9.95917E-07
435 -43.4 -1.000908E-06
436 -43.5 -1.006181E-06
437 -43.6 -1.011506E-06
438 -43.7 -1.0168E-06
439 -43.8 -1.02202E-06
440 -43.9 -1.026872E-06
441 -44 -1.032463E-06
442 -44.1 -1.037137E-06
443 -44.2 -1.042353E-06
444 -44.3 -1.047845E-06
445 -44.4 -1.052983E-06
446 -44.5 -1.05791E-06
447 -44.6 -1.062809E-06
448 -44.7 -1.067518E-06
449 -44.8 -1.071871E-06
450 -44.9 -1.075776E-06
451 -45 -1.079677E-06
452 -45.1 -1.083142E-06
453 -45.2 -1.086037E-06
454 -45.3 -1.088893E-06
455 -45.4 -1.091854E-06
456 -45.5 -1.094597E-06
457 -45.6 -1.097836E-06
458 -45.7 -1.101036E-06
459 -45.8 -1.104263E-06
460 -45.9 -1.107522E-06
461 -46 -1.111139E-06
462 -46.1 -1.114666E-06
463 -46.2 -1.11814E-06
464 -46.3 -1.121509E-06
465 -46.4 -1.124961E-06
466 -46.5 -1.128714E-06
467 -46.6 -1.132441E-06
468 -46.7 -1.13534E-06
469 -46.8 -1.13922E-06
470 -46.9 -1.14311E-06
471 -47 -1.14693E-06
472 -47.1 -1.15097E-06
473 -47.2 -1.1549E-06
474 -47.3 -1.15903E-06
475 -47.4 -1.16321E-06
476 -47.5 -1.16733E-06
477 -47.6 -1.17133E-06
478 -47.7 -1.1758E-06
479 -47.8 -1.17938E-06
480 -47.9 -1.18337E-06
481 -48 -1.18766E-06
482 -48.1 -1.19232E-06
483 -48.2 -1.1968E-06
484 -48.3 -1.20126E-06
485 -48.4 -1.20584E-06
486 -48.5 -1.21054E-06
487 -48.6 -1.21506E-06
488 -48.7 -1.21975E-06
489 -48.8 -1.22528E-06
490 -48.9 -1.22994E-06
491 -49 -1.23469E-06
492 -49.1 -1.23971E-06
493 -49.2 -1.2447E-06
494 -49.3 -1.24895E-06
495 -49.4 -1.25267E-06
496 -49.5 -1.2576E-06
497 -49.6 -1.26327E-06
498 -49.7 -1.26888E-06
499 -49.8 -1.27468E-06
500 -49.9 -1.27947E-06
501 -50 -1.28441E-06
502 -50.1 -1.29046E-06
503 -50.2 -1.29595E-06
504 -50.3 -1.3021E-06
505 -50.4 -1.30725E-06
506 -50.5 -1.3123E-06
507 -50.6 -1.31944E-06
508 -50.7 -1.32677E-06
509 -50.8 -1.33175E-06
510 -50.9 -1.33724E-06
511 -51 -1.34273E-06
512 -51.1 -1.34871E-06
513 -51.2 -1.35449E-06
514 -51.3 -1.3607E-06
515 -51.4 -1.36682E-06
516 -51.5 -1.37335E-06
517 -51.6 -1.3797E-06
518 -51.7 -1.38622E-06
519 -51.8 -1.39267E-06
520 -51.9 -1.40001E-06
521 -52 -1.40664E-06
522 -52.1 -1.41404E-06
523 -52.2 -1.42212E-06
524 -52.3 -1.42899E-06
525 -52.4 -1.43623E-06
526 -52.5 -1.44341E-06
527 -52.6 -1.45184E-06
528 -52.7 -1.45922E-06
529 -52.8 -1.4665E-06
530 -52.9 -1.47406E-06
531 -53 -1.48175E-06
532 -53.1 -1.48928E-06
533 -53.2 -1.49698E-06
534 -53.3 -1.50403E-06
535 -53.4 -1.51208E-06
536 -53.5 -1.52E-06
537 -53.6 -1.52814E-06
538 -53.7 -1.53663E-06
539 -53.8 -1.54473E-06
540 -53.9 -1.55236E-06
541 -54 -1.56158E-06
542 -54.1 -1.57016E-06
543 -54.2 -1.57846E-06
544 -54.3 -1.58656E-06
545 -54.4 -1.59557E-06
546 -54.5 -1.60519E-06
547 -54.6 -1.61386E-06
548 -54.7 -1.62314E-06
549 -54.8 -1.63208E-06
550 -54.9 -1.64173E-06
551 -55 -1.65123E-06
552 -55.1 -1.66036E-06
553 -55.2 -1.6703E-06
554 -55.3 -1.68044E-06
555 -55.4 -1.69001E-06
556 -55.5 -1.69995E-06
557 -55.6 -1.7107E-06
558 -55.7 -1.7207E-06
559 -55.8 -1.73056E-06
560 -55.9 -1.74048E-06
561 -56 -1.75012E-06
562 -56.1 -1.75943E-06
563 -56.2 -1.769E-06
564 -56.3 -1.77863E-06
565 -56.4 -1.7902E-06
566 -56.5 -1.79935E-06
567 -56.6 -1.80971E-06
568 -56.7 -1.82039E-06
569 -56.8 -1.83194E-06
570 -56.9 -1.84462E-06
571 -57 -1.8551E-06
572 -57.1 -1.8687E-06
573 -57.2 -1.8813E-06
574 -57.3 -1.89159E-06
575 -57.4 -1.90652E-06
576 -57.5 -1.92039E-06
577 -57.6 -1.93386E-06
578 -57.7 -1.94829E-06
579 -57.8 -1.96259E-06
580 -57.9 -1.97798E-06
581 -58 -1.99247E-06
582 -58.1 -2.00763E-06
583 -58.2 -2.02242E-06
584 -58.3 -2.0383E-06
585 -58.4 -2.05312E-06
586 -58.5 -2.06704E-06
587 -58.6 -2.08297E-06
588 -58.7 -2.09959E-06
589 -58.8 -2.11379E-06
590 -58.9 -2.13016E-06
591 -59 -2.16162E-06
592 -59.1 -2.31091E-06
593 -59.2 -3.04537E-06
594 -59.3 -5.12565E-06
595 -59.4 -2.17158E-05
596 -59.5 -5.88884E-05
597 -59.6 -9.99926E-05
598 -59.7 -9.99928E-05
599 -59.8 -9.99928E-05
600 -59.9 -9.99926E-05
601 -60 -9.99926E-05
602 -60.1 -9.99927E-05
603 -60.2 -9.99928E-05
604 -60.3 -9.99927E-05
605 -60.4 -9.99926E-05
606 -60.5 -9.99926E-05
607 -60.6 -9.99928E-05
608 -60.7 -9.99929E-05
609 -60.8 -9.99926E-05
610 -60.9 -9.99926E-05
611 -61 -9.99927E-05
612 -61.1 -9.9993E-05
613 -61.2 -9.99928E-05
614 -61.3 -9.99927E-05
615 -61.4 -9.99926E-05
616 -61.5 -9.99927E-05
617 -61.6 -9.99928E-05
618 -61.7 -9.99928E-05
619 -61.8 -9.99926E-05
620 -61.9 -9.99926E-05
621 -62 -9.99928E-05
622 -62.1 -9.9993E-05
623 -62.2 -9.99928E-05
624 -62.3 -9.99926E-05
625 -62.4 -9.99926E-05
626 -62.5 -9.99929E-05
627 -62.6 -9.99929E-05
628 -62.7 -9.99927E-05
629 -62.8 -9.99926E-05
630 -62.9 -9.99927E-05
631 -63 -9.99928E-05
632 -63.1 -9.99929E-05
633 -63.2 -9.99925E-05
634 -63.3 -9.99927E-05
635 -63.4 -9.99929E-05
636 -63.5 -9.99928E-05
637 -63.6 -9.99927E-05
638 -63.7 -9.99926E-05
639 -63.8 -9.99928E-05
640 -63.9 -9.99927E-05
641 -64 -9.99927E-05
642 -64.1 -9.99926E-05
643 -64.2 -9.99927E-05
644 -64.3 -9.99928E-05
645 -64.4 -9.99927E-05
646 -64.5 -9.99925E-05
647 -64.6 -9.99925E-05
648 -64.7 -9.99928E-05
649 -64.8 -9.99926E-05
650 -64.9 -9.99926E-05
651 -65 -9.99926E-05
