
V2= 0 to -65 in -0.1 step
NO. V2 I2
 V A
1 0 -3.6E-13
2 -0.1 -1.23E-12
3 -0.2 -1.53E-12
4 -0.3 -1.78E-12
5 -0.4 -1.8E-12
6 -0.5 -2.01E-12
7 -0.6 -2.08E-12
8 -0.7 -2.02E-12
9 -0.8 -2.25E-12
10 -0.9 -2.28E-12
11 -1 -2.3E-12
12 -1.1 -2.45E-12
13 -1.2 -2.48E-12
14 -1.3 -2.7E-12
15 -1.4 -2.75E-12
16 -1.5 -2.74E-12
17 -1.6 -2.9E-12
18 -1.7 -2.98E-12
19 -1.8 -2.95E-12
20 -1.9 -3.15E-12
21 -2 -3.19E-12
22 -2.1 -3.22E-12
23 -2.2 -3.42E-12
24 -2.3 -3.44E-12
25 -2.4 -3.64E-12
26 -2.5 -3.7E-12
27 -2.6 -3.68E-12
28 -2.7 -3.85E-12
29 -2.8 -3.93E-12
30 -2.9 -3.95E-12
31 -3 -4.16E-12
32 -3.1 -4.18E-12
33 -3.2 -4.19E-12
34 -3.3 -4.43E-12
35 -3.4 -4.46E-12
36 -3.5 -4.65E-12
37 -3.6 -4.7E-12
38 -3.7 -4.74E-12
39 -3.8 -4.9E-12
40 -3.9 -5E-12
41 -4 -5E-12
42 -4.1 -5.19E-12
43 -4.2 -5.23E-12
44 -4.3 -5.27E-12
45 -4.4 -5.51E-12
46 -4.5 -5.55E-12
47 -4.6 -5.58E-12
48 -4.7 -5.78E-12
49 -4.8 -5.91E-12
50 -4.9 -5.86E-12
51 -5 -6.06E-12
52 -5.1 -6.1E-12
53 -5.2 -6.36E-12
54 -5.3 -6.41E-12
55 -5.4 -6.47E-12
56 -5.5 -6.68E-12
57 -5.6 -6.72E-12
58 -5.7 -6.74E-12
59 -5.8 -6.98E-12
60 -5.9 -7.04E-12
61 -6 -7.09E-12
62 -6.1 -7.31E-12
63 -6.2 -7.37E-12
64 -6.3 -7.44E-12
65 -6.4 -7.64E-12
66 -6.5 -7.73E-12
67 -6.6 -7.74E-12
68 -6.7 -8E-12
69 -6.8 -8.06E-12
70 -6.9 -8.28E-12
71 -7 -8.33E-12
72 -7.1 -8.4E-12
73 -7.2 -8.57E-12
74 -7.3 -8.7E-12
75 -7.4 -8.72E-12
76 -7.5 -8.94E-12
77 -7.6 -9.04E-12
78 -7.7 -9.1E-12
79 -7.8 -9.33E-12
80 -7.9 -9.4E-12
81 -8 -9.5E-12
82 -8.1 -9.68E-12
83 -8.2 -9.82E-12
84 -8.3 -9.88E-12
85 -8.4 -1.006E-11
86 -8.5 -1.019E-11
87 -8.6 -1.025E-11
88 -8.7 -1.046E-11
89 -8.8 -1.056E-11
90 -8.9 -1.064E-11
91 -9 -1.085E-11
92 -9.1 -1.095E-11
93 -9.2 -1.1E-11
94 -9.3 -1.126E-11
95 -9.4 -1.138E-11
96 -9.5 -1.141E-11
97 -9.6 -1.013E-11
98 -9.7 -1.046E-11
99 -9.8 -1.07E-11
100 -9.9 -1.064E-11
101 -10 -1.087E-11
102 -10.1 -1.115E-11
103 -10.2 -1.134E-11
104 -10.3 -1.126E-11
105 -10.4 -1.156E-11
106 -10.5 -1.179E-11
107 -10.6 -1.172E-11
108 -10.7 -1.194E-11
109 -10.8 -1.223E-11
110 -10.9 -1.213E-11
111 -11 -1.243E-11
112 -11.1 -1.263E-11
113 -11.2 -1.256E-11
114 -11.3 -1.283E-11
115 -11.4 -1.307E-11
116 -11.5 -1.301E-11
117 -11.6 -1.327E-11
118 -11.7 -1.351E-11
119 -11.8 -1.35E-11
120 -11.9 -1.375E-11
121 -12 -1.399E-11
122 -12.1 -1.396E-11
123 -12.2 -1.418E-11
124 -12.3 -1.441E-11
125 -12.4 -1.468E-11
126 -12.5 -1.468E-11
127 -12.6 -1.492E-11
128 -12.7 -1.515E-11
129 -12.8 -1.512E-11
130 -12.9 -1.541E-11
131 -13 -1.555E-11
132 -13.1 -1.557E-11
133 -13.2 -1.584E-11
134 -13.3 -1.612E-11
135 -13.4 -1.61E-11
136 -13.5 -1.632E-11
137 -13.6 -1.66E-11
138 -13.7 -1.688E-11
139 -13.8 -1.679E-11
140 -13.9 -1.714E-11
141 -14 -1.74E-11
142 -14.1 -1.735E-11
143 -14.2 -1.758E-11
144 -14.3 -1.792E-11
145 -14.4 -1.784E-11
146 -14.5 -1.811E-11
147 -14.6 -1.838E-11
148 -14.7 -1.87E-11
149 -14.8 -1.865E-11
150 -14.9 -1.892E-11
151 -15 -1.92E-11
152 -15.1 -1.921E-11
153 -15.2 -1.949E-11
154 -15.3 -1.973E-11
155 -15.4 -1.971E-11
156 -15.5 -2.006E-11
157 -15.6 -2.033E-11
158 -15.7 -2.035E-11
159 -15.8 -2.064E-11
160 -15.9 -2.086E-11
161 -16 -2.09E-11
162 -16.1 -2.118E-11
163 -16.2 -2.151E-11
164 -16.3 -2.151E-11
165 -16.4 -2.18E-11
166 -16.5 -2.213E-11
167 -16.6 -2.239E-11
168 -16.7 -2.241E-11
169 -16.8 -2.27E-11
170 -16.9 -2.298E-11
171 -17 -2.3E-11
172 -17.1 -2.329E-11
173 -17.2 -2.361E-11
174 -17.3 -2.361E-11
175 -17.4 -2.399E-11
176 -17.5 -2.424E-11
177 -17.6 -2.426E-11
178 -17.7 -2.458E-11
179 -17.8 -2.49E-11
180 -17.9 -2.493E-11
181 -18 -2.524E-11
182 -18.1 -2.559E-11
183 -18.2 -2.562E-11
184 -18.3 -2.591E-11
185 -18.4 -2.616E-11
186 -18.5 -2.621E-11
187 -18.6 -2.657E-11
188 -18.7 -2.688E-11
189 -18.8 -2.69E-11
190 -18.9 -2.723E-11
191 -19 -2.762E-11
192 -19.1 -2.793E-11
193 -19.2 -2.796E-11
194 -19.3 -2.83E-11
195 -19.4 -2.86E-11
196 -19.5 -2.863E-11
197 -19.6 -2.901E-11
198 -19.7 -2.938E-11
199 -19.8 -2.942E-11
200 -19.9 -2.978E-11
201 -20 -3.013E-11
202 -20.1 -3.016E-11
203 -20.2 -3.053E-11
204 -20.3 -3.082E-11
205 -20.4 -3.095E-11
206 -20.5 -3.129E-11
207 -20.6 -3.165E-11
208 -20.7 -3.164E-11
209 -20.8 -3.198E-11
210 -20.9 -3.245E-11
211 -21 -3.248E-11
212 -21.1 -3.279E-11
213 -21.2 -3.32E-11
214 -21.3 -3.327E-11
215 -21.4 -3.363E-11
216 -21.5 -3.405E-11
217 -21.6 -3.408E-11
218 -21.7 -3.446E-11
219 -21.8 -3.486E-11
220 -21.9 -3.485E-11
221 -22 -3.531E-11
222 -22.1 -3.568E-11
223 -22.2 -3.571E-11
224 -22.3 -3.611E-11
225 -22.4 -3.654E-11
226 -22.5 -3.663E-11
227 -22.6 -3.702E-11
228 -22.7 -3.736E-11
229 -22.8 -3.75E-11
230 -22.9 -3.789E-11
231 -23 -3.832E-11
232 -23.1 -3.84E-11
233 -23.2 -3.885E-11
234 -23.3 -3.923E-11
235 -23.4 -3.966E-11
236 -23.5 -3.965E-11
237 -23.6 -4.017E-11
238 -23.7 -4.056E-11
239 -23.8 -4.072E-11
240 -23.9 -4.108E-11
241 -24 -4.16E-11
242 -24.1 -4.174E-11
243 -24.2 -4.22E-11
244 -24.3 -4.259E-11
245 -24.4 -4.282E-11
246 -24.5 -4.314E-11
247 -24.6 -4.371E-11
248 -24.7 -4.382E-11
249 -24.8 -4.433E-11
250 -24.9 -4.48E-11
251 -25 -4.492E-11
252 -25.1 -4.533E-11
253 -25.2 -4.585E-11
254 -25.3 -4.633E-11
255 -25.4 -4.644E-11
256 -25.5 -4.702E-11
257 -25.6 -4.746E-11
258 -25.7 -4.769E-11
259 -25.8 -4.818E-11
260 -25.9 -4.867E-11
261 -26 -4.887E-11
262 -26.1 -4.942E-11
263 -26.2 -4.995E-11
264 -26.3 -5.042E-11
265 -26.4 -5.061E-11
266 -26.5 -5.123E-11
267 -26.6 -5.173E-11
268 -26.7 -5.19E-11
269 -26.8 -5.253E-11
270 -26.9 -5.308E-11
271 -27 -5.369E-11
272 -27.1 -5.399E-11
273 -27.2 -5.442E-11
274 -27.3 -5.511E-11
275 -27.4 -5.538E-11
276 -27.5 -5.605E-11
277 -27.6 -5.722E-11
278 -27.7 -5.915E-11
279 -27.8 -6.054E-11
280 -27.9 -6.189E-11
281 -28 -6.27E-11
282 -28.1 -6.374E-11
283 -28.2 -6.467E-11
284 -28.3 -6.629E-11
285 -28.4 -6.817E-11
286 -28.5 -7.022E-11
287 -28.6 -7.234E-11
288 -28.7 -7.462E-11
289 -28.8 -7.728E-11
290 -28.9 -7.971E-11
291 -29 -8.216E-11
292 -29.1 -8.468E-11
293 -29.2 -8.737E-11
294 -29.3 -9.022E-11
295 -29.4 -9.292E-11
296 -29.5 -9.572E-11
297 -29.6 -9.823E-11
298 -29.7 -1.009E-10
299 -29.8 -1.0389E-10
300 -29.9 -1.065E-10
301 -30 -1.0945E-10
302 -30.1 -1.1179E-10
303 -30.2 -1.1463E-10
304 -30.3 -1.1759E-10
305 -30.4 -1.2062E-10
306 -30.5 -1.2359E-10
307 -30.6 -1.2667E-10
308 -30.7 -1.2869E-10
309 -30.8 -1.3319E-10
310 -30.9 -1.3663E-10
311 -31 -1.3898E-10
312 -31.1 -1.4318E-10
313 -31.2 -1.4679E-10
314 -31.3 -1.5042E-10
315 -31.4 -1.537E-10
316 -31.5 -1.5529E-10
317 -31.6 -1.6016E-10
318 -31.7 -1.6351E-10
319 -31.8 -1.6602E-10
320 -31.9 -1.6961E-10
321 -32 -1.7301E-10
322 -32.1 -1.762E-10
323 -32.2 -1.7809E-10
324 -32.3 -1.8229E-10
325 -32.4 -1.8515E-10
326 -32.5 -1.8644E-10
327 -32.6 -1.8954E-10
328 -32.7 -1.9322E-10
329 -32.8 -1.9463E-10
330 -32.9 -1.9657E-10
331 -33 -2.003E-10
332 -33.1 -2.0295E-10
333 -33.2 -2.0405E-10
334 -33.3 -2.0792E-10
335 -33.4 -2.1126E-10
336 -33.5 -2.1287E-10
337 -33.6 -2.162E-10
338 -33.7 -2.204E-10
339 -33.8 -2.2183E-10
340 -33.9 -2.2444E-10
341 -34 -2.3009E-10
342 -34.1 -2.3327E-10
343 -34.2 -2.3444E-10
344 -34.3 -2.3816E-10
345 -34.4 -2.3935E-10
346 -34.5 -2.4166E-10
347 -34.6 -2.4729E-10
348 -34.7 -2.4829E-10
349 -34.8 -2.5028E-10
350 -34.9 -2.5219E-10
351 -35 -2.5417E-10
352 -35.1 -2.5545E-10
353 -35.2 -2.5756E-10
354 -35.3 -2.6049E-10
355 -35.4 -2.6018E-10
356 -35.5 -2.6421E-10
357 -35.6 -2.6658E-10
358 -35.7 -2.6634E-10
359 -35.8 -2.7109E-10
360 -35.9 -2.7408E-10
361 -36 -2.7506E-10
362 -36.1 -2.7601E-10
363 -36.2 -2.7978E-10
364 -36.3 -2.8032E-10
365 -36.4 -2.8225E-10
366 -36.5 -2.8512E-10
367 -36.6 -2.8696E-10
368 -36.7 -2.88E-10
369 -36.8 -2.9151E-10
370 -36.9 -2.9266E-10
371 -37 -2.9454E-10
372 -37.1 -2.976E-10
373 -37.2 -2.9981E-10
374 -37.3 -3.0086E-10
375 -37.4 -3.0342E-10
376 -37.5 -3.0592E-10
377 -37.6 -3.071E-10
378 -37.7 -3.091E-10
379 -37.8 -3.1206E-10
380 -37.9 -3.142E-10
381 -38 -3.1573E-10
382 -38.1 -3.1919E-10
383 -38.2 -3.2062E-10
384 -38.3 -3.2143E-10
385 -38.4 -3.2462E-10
386 -38.5 -3.2749E-10
387 -38.6 -3.2737E-10
388 -38.7 -3.3153E-10
389 -38.8 -3.3353E-10
390 -38.9 -3.3469E-10
391 -39 -3.3793E-10
392 -39.1 -3.4116E-10
393 -39.2 -3.4168E-10
394 -39.3 -3.4425E-10
395 -39.4 -3.4762E-10
396 -39.5 -3.4763E-10
397 -39.6 -3.5251E-10
398 -39.7 -3.5328E-10
399 -39.8 -3.5757E-10
400 -39.9 -3.5863E-10
401 -40 -3.6304E-10
402 -40.1 -3.6363E-10
403 -40.2 -3.6655E-10
404 -40.3 -3.6782E-10
405 -40.4 -3.7144E-10
406 -40.5 -3.7222E-10
407 -40.6 -3.76E-10
408 -40.7 -3.8049E-10
409 -40.8 -3.8129E-10
410 -40.9 -3.8284E-10
411 -41 -3.876E-10
412 -41.1 -3.8841E-10
413 -41.2 -3.9283E-10
414 -41.3 -3.959E-10
415 -41.4 -3.9684E-10
416 -41.5 -4.0036E-10
417 -41.6 -4.0407E-10
418 -41.7 -4.0555E-10
419 -41.8 -4.0888E-10
420 -41.9 -4.1034E-10
421 -42 -4.1559E-10
422 -42.1 -4.1408E-10
423 -42.2 -4.2124E-10
424 -42.3 -4.2089E-10
425 -42.4 -4.2409E-10
426 -42.5 -4.2699E-10
427 -42.6 -4.3134E-10
428 -42.7 -4.3319E-10
429 -42.8 -4.379E-10
430 -42.9 -4.4388E-10
431 -43 -4.4241E-10
432 -43.1 -4.4968E-10
433 -43.2 -4.523E-10
434 -43.3 -4.5308E-10
435 -43.4 -4.5593E-10
436 -43.5 -4.6237E-10
437 -43.6 -4.6494E-10
438 -43.7 -4.6791E-10
439 -43.8 -4.7281E-10
440 -43.9 -4.7289E-10
441 -44 -4.7948E-10
442 -44.1 -4.8386E-10
443 -44.2 -4.877E-10
444 -44.3 -4.9021E-10
445 -44.4 -4.9388E-10
446 -44.5 -4.9729E-10
447 -44.6 -5.0023E-10
448 -44.7 -5.0575E-10
449 -44.8 -5.0827E-10
450 -44.9 -5.1251E-10
451 -45 -5.1606E-10
452 -45.1 -5.2141E-10
453 -45.2 -5.2631E-10
454 -45.3 -5.2919E-10
455 -45.4 -5.3495E-10
456 -45.5 -5.3833E-10
457 -45.6 -5.4366E-10
458 -45.7 -5.4851E-10
459 -45.8 -5.5358E-10
460 -45.9 -5.584E-10
461 -46 -5.6375E-10
462 -46.1 -5.6717E-10
463 -46.2 -5.7491E-10
464 -46.3 -5.798E-10
465 -46.4 -5.8603E-10
466 -46.5 -5.887E-10
467 -46.6 -5.9541E-10
468 -46.7 -6.0332E-10
469 -46.8 -6.0773E-10
470 -46.9 -6.1683E-10
471 -47 -6.2504E-10
472 -47.1 -6.3215E-10
473 -47.2 -6.3887E-10
474 -47.3 -6.4797E-10
475 -47.4 -6.5592E-10
476 -47.5 -6.6533E-10
477 -47.6 -6.7403E-10
478 -47.7 -6.8408E-10
479 -47.8 -6.9123E-10
480 -47.9 -7.0869E-10
481 -48 -7.1438E-10
482 -48.1 -7.2255E-10
483 -48.2 -7.3646E-10
484 -48.3 -7.4602E-10
485 -48.4 -7.542E-10
486 -48.5 -7.6547E-10
487 -48.6 -7.8008E-10
488 -48.7 -7.9261E-10
489 -48.8 -8.0516E-10
490 -48.9 -8.1431E-10
491 -49 -8.2778E-10
492 -49.1 -8.4047E-10
493 -49.2 -8.5085E-10
494 -49.3 -8.6437E-10
495 -49.4 -8.7819E-10
496 -49.5 -8.9042E-10
497 -49.6 -9.0053E-10
498 -49.7 -9.1175E-10
499 -49.8 -9.2583E-10
500 -49.9 -9.3832E-10
501 -50 -9.4716E-10
502 -50.1 -9.6291E-10
503 -50.2 -9.7826E-10
504 -50.3 -9.8654E-10
505 -50.4 -9.9905E-10
506 -50.5 -1.01189E-09
507 -50.6 -1.03081E-09
508 -50.7 -1.05201E-09
509 -50.8 -1.06579E-09
510 -50.9 -1.07251E-09
511 -51 -1.07329E-09
512 -51.1 -1.08634E-09
513 -51.2 -1.09293E-09
514 -51.3 -1.10058E-09
515 -51.4 -1.11397E-09
516 -51.5 -1.12879E-09
517 -51.6 -1.1436E-09
518 -51.7 -1.16191E-09
519 -51.8 -1.18279E-09
520 -51.9 -1.20025E-09
521 -52 -1.21495E-09
522 -52.1 -1.24086E-09
523 -52.2 -1.2529E-09
524 -52.3 -1.27384E-09
525 -52.4 -1.28517E-09
526 -52.5 -1.30165E-09
527 -52.6 -1.30655E-09
528 -52.7 -1.31894E-09
529 -52.8 -1.3269E-09
530 -52.9 -1.33171E-09
531 -53 -1.34496E-09
532 -53.1 -1.35567E-09
533 -53.2 -1.3725E-09
534 -53.3 -1.38204E-09
535 -53.4 -1.40296E-09
536 -53.5 -1.43049E-09
537 -53.6 -1.44037E-09
538 -53.7 -1.46659E-09
539 -53.8 -1.4799E-09
540 -53.9 -1.49975E-09
541 -54 -1.52576E-09
542 -54.1 -1.54544E-09
543 -54.2 -1.56428E-09
544 -54.3 -1.57502E-09
545 -54.4 -1.59203E-09
546 -54.5 -1.60468E-09
547 -54.6 -1.61279E-09
548 -54.7 -1.6348E-09
549 -54.8 -1.64435E-09
550 -54.9 -1.65517E-09
551 -55 -1.67316E-09
552 -55.1 -1.69733E-09
553 -55.2 -1.71583E-09
554 -55.3 -1.73165E-09
555 -55.4 -1.74423E-09
556 -55.5 -1.78754E-09
557 -55.6 -1.80721E-09
558 -55.7 -1.83602E-09
559 -55.8 -1.86138E-09
560 -55.9 -1.8929E-09
561 -56 -1.91635E-09
562 -56.1 -1.94174E-09
563 -56.2 -1.97748E-09
564 -56.3 -1.97454E-09
565 -56.4 -2.00038E-09
566 -56.5 -2.02022E-09
567 -56.6 -2.03668E-09
568 -56.7 -2.06236E-09
569 -56.8 -2.08776E-09
570 -56.9 -2.11196E-09
571 -57 -2.13556E-09
572 -57.1 -2.18181E-09
573 -57.2 -2.21067E-09
574 -57.3 -2.23777E-09
575 -57.4 -2.27132E-09
576 -57.5 -2.30741E-09
577 -57.6 -2.3493E-09
578 -57.7 -2.38371E-09
579 -57.8 -2.42129E-09
580 -57.9 -2.44038E-09
581 -58 -2.48764E-09
582 -58.1 -2.52099E-09
583 -58.2 -2.55021E-09
584 -58.3 -2.58541E-09
585 -58.4 -2.61937E-09
586 -58.5 -2.65568E-09
587 -58.6 -2.69467E-09
588 -58.7 -2.73989E-09
589 -58.8 -2.77964E-09
590 -58.9 -2.82686E-09
591 -59 -2.88304E-09
592 -59.1 -2.92714E-09
593 -59.2 -2.99082E-09
594 -59.3 -3.03099E-09
595 -59.4 -3.09426E-09
596 -59.5 -3.15551E-09
597 -59.6 -3.21821E-09
598 -59.7 -3.29757E-09
599 -59.8 -3.35164E-09
600 -59.9 -3.3987E-09
601 -60 -3.46493E-09
602 -60.1 -3.52151E-09
603 -60.2 -3.61187E-09
604 -60.3 -3.69826E-09
605 -60.4 -3.75543E-09
606 -60.5 -3.84423E-09
607 -60.6 -3.94355E-09
608 -60.7 -4.05835E-09
609 -60.8 -4.15876E-09
610 -60.9 -4.27932E-09
611 -61 -4.42306E-09
612 -61.1 -4.59814E-09
613 -61.2 -4.75039E-09
614 -61.3 -4.97983E-09
615 -61.4 -5.20859E-09
616 -61.5 -5.52707E-09
617 -61.6 -5.88674E-09
618 -61.7 -6.3923E-09
619 -61.8 -6.87487E-09
620 -61.9 -7.56847E-09
621 -62 -8.52792E-09
622 -62.1 -9.41415E-09
623 -62.2 -1.12997E-08
624 -62.3 -1.27242E-08
625 -62.4 -1.48738E-08
626 -62.5 -1.69403E-08
627 -62.6 -2.00497E-08
628 -62.7 -2.21167E-08
629 -62.8 -2.74169E-08
630 -62.9 -3.09628E-08
631 -63 -3.52715E-08
632 -63.1 -4.09192E-08
633 -63.2 -4.79591E-08
634 -63.3 -5.58248E-08
635 -63.4 -6.55445E-08
636 -63.5 -7.7839E-08
637 -63.6 -9.38537E-08
638 -63.7 -1.093237E-07
639 -63.8 -2.77252E-07
640 -63.9 -2.70831E-07
641 -64 -2.81534E-07
642 -64.1 -2.99831E-07
643 -64.2 -3.47014E-07
644 -64.3 -3.95995E-07
645 -64.4 -4.53359E-07
646 -64.5 -5.24162E-07
647 -64.6 -6.07291E-07
648 -64.7 -7.2479E-07
649 -64.8 -9.61062E-07
650 -64.9 -9.99928E-05
651 -65 -9.99927E-05
