
V2= 0 to -65 in -0.1 step
NO. V2 I2
 V A
1 0 -1.4E-13
2 -0.1 -2.86E-12
3 -0.2 -2.74E-12
4 -0.3 -2.81E-12
5 -0.4 -2.88E-12
6 -0.5 -2.91E-12
7 -0.6 -3.09E-12
8 -0.7 -3.29E-12
9 -0.8 -3.31E-12
10 -0.9 -3.3E-12
11 -1 -3.59E-12
12 -1.1 -3.65E-12
13 -1.2 -3.68E-12
14 -1.3 -3.74E-12
15 -1.4 -4.04E-12
16 -1.5 -4.09E-12
17 -1.6 -4.17E-12
18 -1.7 -4.21E-12
19 -1.8 -4.4E-12
20 -1.9 -4.51E-12
21 -2 -4.63E-12
22 -2.1 -4.72E-12
23 -2.2 -4.72E-12
24 -2.3 -4.95E-12
25 -2.4 -5.16E-12
26 -2.5 -5.32E-12
27 -2.6 -5.31E-12
28 -2.7 -5.56E-12
29 -2.8 -5.73E-12
30 -2.9 -5.88E-12
31 -3 -5.88E-12
32 -3.1 -5.93E-12
33 -3.2 -6.12E-12
34 -3.3 -6.38E-12
35 -3.4 -6.42E-12
36 -3.5 -6.54E-12
37 -3.6 -6.76E-12
38 -3.7 -6.9E-12
39 -3.8 -7.03E-12
40 -3.9 -7.1E-12
41 -4 -7.24E-12
42 -4.1 -7.44E-12
43 -4.2 -7.58E-12
44 -4.3 -7.71E-12
45 -4.4 -7.91E-12
46 -4.5 -7.92E-12
47 -4.6 -8.21E-12
48 -4.7 -8.37E-12
49 -4.8 -8.53E-12
50 -4.9 -8.66E-12
51 -5 -8.76E-12
52 -5.1 -8.84E-12
53 -5.2 -9.2E-12
54 -5.3 -9.24E-12
55 -5.4 -9.42E-12
56 -5.5 -9.6E-12
57 -5.6 -9.66E-12
58 -5.7 -9.86E-12
59 -5.8 -1.001E-11
60 -5.9 -1.032E-11
61 -6 -1.032E-11
62 -6.1 -1.038E-11
63 -6.2 -1.074E-11
64 -6.3 -1.095E-11
65 -6.4 -1.105E-11
66 -6.5 -1.112E-11
67 -6.6 -1.13E-11
68 -6.7 -1.169E-11
69 -6.8 -1.176E-11
70 -6.9 -1.2E-11
71 -7 -1.211E-11
72 -7.1 -1.222E-11
73 -7.2 -1.236E-11
74 -7.3 -1.268E-11
75 -7.4 -1.281E-11
76 -7.5 -1.306E-11
77 -7.6 -1.314E-11
78 -7.7 -1.332E-11
79 -7.8 -1.361E-11
80 -7.9 -1.384E-11
81 -8 -1.403E-11
82 -8.1 -1.412E-11
83 -8.2 -1.432E-11
84 -8.3 -1.465E-11
85 -8.4 -1.479E-11
86 -8.5 -1.497E-11
87 -8.6 -1.521E-11
88 -8.7 -1.526E-11
89 -8.8 -1.557E-11
90 -8.9 -1.58E-11
91 -9 -1.599E-11
92 -9.1 -1.609E-11
93 -9.2 -1.63E-11
94 -9.3 -1.662E-11
95 -9.4 -1.695E-11
96 -9.5 -1.699E-11
97 -9.6 -1.727E-11
98 -9.7 -1.758E-11
99 -9.8 -1.763E-11
100 -9.9 -1.794E-11
101 -10 -1.815E-11
102 -10.1 -1.821E-11
103 -10.2 -1.847E-11
104 -10.3 -1.714E-11
105 -10.4 -1.775E-11
106 -10.5 -1.775E-11
107 -10.6 -1.795E-11
108 -10.7 -1.828E-11
109 -10.8 -1.854E-11
110 -10.9 -1.89E-11
111 -11 -1.884E-11
112 -11.1 -1.915E-11
113 -11.2 -1.952E-11
114 -11.3 -1.977E-11
115 -11.4 -1.994E-11
116 -11.5 -2.005E-11
117 -11.6 -2.046E-11
118 -11.7 -2.074E-11
119 -11.8 -2.105E-11
120 -11.9 -2.122E-11
121 -12 -2.161E-11
122 -12.1 -2.144E-11
123 -12.2 -2.189E-11
124 -12.3 -2.22E-11
125 -12.4 -2.262E-11
126 -12.5 -2.285E-11
127 -12.6 -2.285E-11
128 -12.7 -2.319E-11
129 -12.8 -2.356E-11
130 -12.9 -2.382E-11
131 -13 -2.406E-11
132 -13.1 -2.404E-11
133 -13.2 -2.454E-11
134 -13.3 -2.477E-11
135 -13.4 -2.522E-11
136 -13.5 -2.56E-11
137 -13.6 -2.55E-11
138 -13.7 -2.594E-11
139 -13.8 -2.625E-11
140 -13.9 -2.663E-11
141 -14 -2.691E-11
142 -14.1 -2.691E-11
143 -14.2 -2.725E-11
144 -14.3 -2.77E-11
145 -14.4 -2.797E-11
146 -14.5 -2.823E-11
147 -14.6 -2.829E-11
148 -14.7 -2.868E-11
149 -14.8 -2.91E-11
150 -14.9 -2.963E-11
151 -15 -2.98E-11
152 -15.1 -2.975E-11
153 -15.2 -3.015E-11
154 -15.3 -3.065E-11
155 -15.4 -3.093E-11
156 -15.5 -3.101E-11
157 -15.6 -3.144E-11
158 -15.7 -3.178E-11
159 -15.8 -3.223E-11
160 -15.9 -3.252E-11
161 -16 -3.256E-11
162 -16.1 -3.305E-11
163 -16.2 -3.343E-11
164 -16.3 -3.38E-11
165 -16.4 -3.409E-11
166 -16.5 -3.427E-11
167 -16.6 -3.459E-11
168 -16.7 -3.507E-11
169 -16.8 -3.538E-11
170 -16.9 -3.576E-11
171 -17 -3.576E-11
172 -17.1 -3.628E-11
173 -17.2 -3.678E-11
174 -17.3 -3.708E-11
175 -17.4 -3.714E-11
176 -17.5 -3.767E-11
177 -17.6 -3.793E-11
178 -17.7 -3.854E-11
179 -17.8 -3.883E-11
180 -17.9 -3.887E-11
181 -18 -3.937E-11
182 -18.1 -3.995E-11
183 -18.2 -4.013E-11
184 -18.3 -4.066E-11
185 -18.4 -4.07E-11
186 -18.5 -4.121E-11
187 -18.6 -4.149E-11
188 -18.7 -4.204E-11
189 -18.8 -4.247E-11
190 -18.9 -4.252E-11
191 -19 -4.31E-11
192 -19.1 -4.345E-11
193 -19.2 -4.394E-11
194 -19.3 -4.445E-11
195 -19.4 -4.448E-11
196 -19.5 -4.496E-11
197 -19.6 -4.543E-11
198 -19.7 -4.577E-11
199 -19.8 -4.629E-11
200 -19.9 -4.637E-11
201 -20 -4.693E-11
202 -20.1 -4.737E-11
203 -20.2 -4.783E-11
204 -20.3 -4.828E-11
205 -20.4 -4.854E-11
206 -20.5 -4.889E-11
207 -20.6 -4.93E-11
208 -20.7 -4.998E-11
209 -20.8 -5.02E-11
210 -20.9 -5.043E-11
211 -21 -5.11E-11
212 -21.1 -5.124E-11
213 -21.2 -5.197E-11
214 -21.3 -5.194E-11
215 -21.4 -5.261E-11
216 -21.5 -5.307E-11
217 -21.6 -5.339E-11
218 -21.7 -5.386E-11
219 -21.8 -5.408E-11
220 -21.9 -5.466E-11
221 -22 -5.49E-11
222 -22.1 -5.563E-11
223 -22.2 -5.598E-11
224 -22.3 -5.617E-11
225 -22.4 -5.691E-11
226 -22.5 -5.731E-11
227 -22.6 -5.782E-11
228 -22.7 -5.838E-11
229 -22.8 -5.837E-11
230 -22.9 -5.915E-11
231 -23 -5.942E-11
232 -23.1 -6.014E-11
233 -23.2 -6.051E-11
234 -23.3 -6.078E-11
235 -23.4 -6.147E-11
236 -23.5 -6.204E-11
237 -23.6 -6.239E-11
238 -23.7 -6.294E-11
239 -23.8 -6.337E-11
240 -23.9 -6.398E-11
241 -24 -6.445E-11
242 -24.1 -6.493E-11
243 -24.2 -6.525E-11
244 -24.3 -6.567E-11
245 -24.4 -6.628E-11
246 -24.5 -6.68E-11
247 -24.6 -6.755E-11
248 -24.7 -6.797E-11
249 -24.8 -6.816E-11
250 -24.9 -6.884E-11
251 -25 -6.961E-11
252 -25.1 -6.996E-11
253 -25.2 -7.03E-11
254 -25.3 -7.094E-11
255 -25.4 -7.126E-11
256 -25.5 -7.241E-11
257 -25.6 -7.263E-11
258 -25.7 -7.322E-11
259 -25.8 -7.352E-11
260 -25.9 -7.464E-11
261 -26 -7.528E-11
262 -26.1 -7.659E-11
263 -26.2 -7.811E-11
264 -26.3 -8.158E-11
265 -26.4 -8.894E-11
266 -26.5 -1.0336E-10
267 -26.6 -1.2795E-10
268 -26.7 -1.6208E-10
269 -26.8 -2.0315E-10
270 -26.9 -2.5307E-10
271 -27 -3.13E-10
272 -27.1 -3.7907E-10
273 -27.2 -4.513E-10
274 -27.3 -5.5085E-10
275 -27.4 -6.5976E-10
276 -27.5 -7.8983E-10
277 -27.6 -9.6741E-10
278 -27.7 -1.17472E-09
279 -27.8 -1.40618E-09
280 -27.9 -1.70946E-09
281 -28 -2.06053E-09
282 -28.1 -2.49095E-09
283 -28.2 -3.01005E-09
284 -28.3 -3.62936E-09
285 -28.4 -4.41542E-09
286 -28.5 -5.29134E-09
287 -28.6 -6.36106E-09
288 -28.7 -7.62439E-09
289 -28.8 -9.23358E-09
290 -28.9 -1.103747E-08
291 -29 -1.30057E-08
292 -29.1 -1.54903E-08
293 -29.2 -1.84461E-08
294 -29.3 -2.17133E-08
295 -29.4 -2.57186E-08
296 -29.5 -3.08524E-08
297 -29.6 -5.87471E-08
298 -29.7 -8.26211E-08
299 -29.8 -8.97076E-08
300 -29.9 -1.020699E-07
301 -30 -1.112615E-07
302 -30.1 -1.16076E-07
303 -30.2 -1.17631E-07
304 -30.3 -1.21305E-07
305 -30.4 -1.2532E-07
306 -30.5 -1.28524E-07
307 -30.6 -1.31744E-07
308 -30.7 -1.386E-07
309 -30.8 -1.42447E-07
310 -30.9 -1.48713E-07
311 -31 -1.54157E-07
312 -31.1 -1.59787E-07
313 -31.2 -1.64041E-07
314 -31.3 -1.65171E-07
315 -31.4 -1.70441E-07
316 -31.5 -1.73315E-07
317 -31.6 -1.7503E-07
318 -31.7 -1.77252E-07
319 -31.8 -1.79277E-07
320 -31.9 -1.80966E-07
321 -32 -1.82445E-07
322 -32.1 -1.84269E-07
323 -32.2 -1.85578E-07
324 -32.3 -1.87706E-07
325 -32.4 -1.90262E-07
326 -32.5 -1.93051E-07
327 -32.6 -1.96224E-07
328 -32.7 -2.0044E-07
329 -32.8 -2.05343E-07
330 -32.9 -2.10817E-07
331 -33 -2.17159E-07
332 -33.1 -2.21589E-07
333 -33.2 -2.29721E-07
334 -33.3 -2.35961E-07
335 -33.4 -2.38586E-07
336 -33.5 -2.42033E-07
337 -33.6 -2.46224E-07
338 -33.7 -2.491E-07
339 -33.8 -2.51654E-07
340 -33.9 -2.54899E-07
341 -34 -2.57129E-07
342 -34.1 -2.60802E-07
343 -34.2 -2.66267E-07
344 -34.3 -2.69533E-07
345 -34.4 -2.73966E-07
346 -34.5 -2.77463E-07
347 -34.6 -2.79773E-07
348 -34.7 -2.80602E-07
349 -34.8 -2.81184E-07
350 -34.9 -2.81843E-07
351 -35 -2.8242E-07
352 -35.1 -2.83037E-07
353 -35.2 -2.83693E-07
354 -35.3 -2.84178E-07
355 -35.4 -2.84754E-07
356 -35.5 -2.85338E-07
357 -35.6 -2.86215E-07
358 -35.7 -2.86769E-07
359 -35.8 -2.87454E-07
360 -35.9 -2.88082E-07
361 -36 -2.88703E-07
362 -36.1 -2.89261E-07
363 -36.2 -2.89932E-07
364 -36.3 -2.9063E-07
365 -36.4 -2.91195E-07
366 -36.5 -2.91991E-07
367 -36.6 -2.92555E-07
368 -36.7 -2.93264E-07
369 -36.8 -2.93989E-07
370 -36.9 -2.94604E-07
371 -37 -2.95387E-07
372 -37.1 -2.96067E-07
373 -37.2 -2.96629E-07
374 -37.3 -2.9751E-07
375 -37.4 -2.98441E-07
376 -37.5 -2.9915E-07
377 -37.6 -3.00071E-07
378 -37.7 -3.00739E-07
379 -37.8 -3.01573E-07
380 -37.9 -3.02511E-07
381 -38 -3.03268E-07
382 -38.1 -3.04081E-07
383 -38.2 -3.0505E-07
384 -38.3 -3.05781E-07
385 -38.4 -3.06443E-07
386 -38.5 -3.07299E-07
387 -38.6 -3.08081E-07
388 -38.7 -3.09068E-07
389 -38.8 -3.09719E-07
390 -38.9 -3.10719E-07
391 -39 -3.11449E-07
392 -39.1 -3.12305E-07
393 -39.2 -3.12915E-07
394 -39.3 -3.13679E-07
395 -39.4 -3.14292E-07
396 -39.5 -3.15034E-07
397 -39.6 -3.15754E-07
398 -39.7 -3.16586E-07
399 -39.8 -3.17325E-07
400 -39.9 -3.18123E-07
401 -40 -3.18733E-07
402 -40.1 -3.19571E-07
403 -40.2 -3.20415E-07
404 -40.3 -3.21347E-07
405 -40.4 -3.22566E-07
406 -40.5 -3.23559E-07
407 -40.6 -3.23947E-07
408 -40.7 -3.24939E-07
409 -40.8 -3.26012E-07
410 -40.9 -3.27179E-07
411 -41 -3.28303E-07
412 -41.1 -3.29237E-07
413 -41.2 -3.30378E-07
414 -41.3 -3.316E-07
415 -41.4 -3.32854E-07
416 -41.5 -3.34051E-07
417 -41.6 -3.35448E-07
418 -41.7 -3.36874E-07
419 -41.8 -3.3807E-07
420 -41.9 -3.39465E-07
421 -42 -3.40886E-07
422 -42.1 -3.42284E-07
423 -42.2 -3.43631E-07
424 -42.3 -3.45115E-07
425 -42.4 -3.46292E-07
426 -42.5 -3.47951E-07
427 -42.6 -3.49248E-07
428 -42.7 -3.50615E-07
429 -42.8 -3.52088E-07
430 -42.9 -3.53497E-07
431 -43 -3.55215E-07
432 -43.1 -3.56744E-07
433 -43.2 -3.58623E-07
434 -43.3 -3.60412E-07
435 -43.4 -3.61663E-07
436 -43.5 -3.63656E-07
437 -43.6 -3.65182E-07
438 -43.7 -3.67091E-07
439 -43.8 -3.6834E-07
440 -43.9 -3.69649E-07
441 -44 -3.71526E-07
442 -44.1 -3.73209E-07
443 -44.2 -3.75008E-07
444 -44.3 -3.76926E-07
445 -44.4 -3.78659E-07
446 -44.5 -3.80132E-07
447 -44.6 -3.82023E-07
448 -44.7 -3.84538E-07
449 -44.8 -3.86298E-07
450 -44.9 -3.88243E-07
451 -45 -3.90075E-07
452 -45.1 -3.92324E-07
453 -45.2 -3.93845E-07
454 -45.3 -3.95961E-07
455 -45.4 -3.98097E-07
456 -45.5 -3.99826E-07
457 -45.6 -4.01804E-07
458 -45.7 -4.03778E-07
459 -45.8 -4.05925E-07
460 -45.9 -4.08437E-07
461 -46 -4.10554E-07
462 -46.1 -4.12491E-07
463 -46.2 -4.14785E-07
464 -46.3 -4.16622E-07
465 -46.4 -4.18789E-07
466 -46.5 -4.2071E-07
467 -46.6 -4.23143E-07
468 -46.7 -4.2536E-07
469 -46.8 -4.27741E-07
470 -46.9 -4.29865E-07
471 -47 -4.32284E-07
472 -47.1 -4.34897E-07
473 -47.2 -4.36486E-07
474 -47.3 -4.39432E-07
475 -47.4 -4.42002E-07
476 -47.5 -4.44412E-07
477 -47.6 -4.46755E-07
478 -47.7 -4.49579E-07
479 -47.8 -4.51704E-07
480 -47.9 -4.53838E-07
481 -48 -4.55834E-07
482 -48.1 -4.58333E-07
483 -48.2 -4.6014E-07
484 -48.3 -4.60865E-07
485 -48.4 -4.60835E-07
486 -48.5 -4.61008E-07
487 -48.6 -4.61707E-07
488 -48.7 -4.62847E-07
489 -48.8 -4.64293E-07
490 -48.9 -4.65472E-07
491 -49 -4.6623E-07
492 -49.1 -4.67068E-07
493 -49.2 -4.67675E-07
494 -49.3 -4.67676E-07
495 -49.4 -4.66975E-07
496 -49.5 -4.6608E-07
497 -49.6 -4.65472E-07
498 -49.7 -4.65362E-07
499 -49.8 -4.65307E-07
500 -49.9 -4.64578E-07
501 -50 -4.62754E-07
502 -50.1 -4.59769E-07
503 -50.2 -4.55355E-07
504 -50.3 -4.51033E-07
505 -50.4 -4.47188E-07
506 -50.5 -4.44902E-07
507 -50.6 -4.42757E-07
508 -50.7 -4.41712E-07
509 -50.8 -4.41324E-07
510 -50.9 -4.41254E-07
511 -51 -4.41029E-07
512 -51.1 -4.40397E-07
513 -51.2 -4.39417E-07
514 -51.3 -4.38727E-07
515 -51.4 -4.3894E-07
516 -51.5 -4.39547E-07
517 -51.6 -4.40215E-07
518 -51.7 -4.40843E-07
519 -51.8 -4.41649E-07
520 -51.9 -4.42398E-07
521 -52 -4.42721E-07
522 -52.1 -4.42752E-07
523 -52.2 -4.42604E-07
524 -52.3 -4.41961E-07
525 -52.4 -4.41165E-07
526 -52.5 -4.40149E-07
527 -52.6 -4.3905E-07
528 -52.7 -4.37947E-07
529 -52.8 -4.36763E-07
530 -52.9 -4.35637E-07
531 -53 -4.34353E-07
532 -53.1 -4.31989E-07
533 -53.2 -4.30725E-07
534 -53.3 -4.29594E-07
535 -53.4 -4.28889E-07
536 -53.5 -4.28759E-07
537 -53.6 -4.2916E-07
538 -53.7 -4.30123E-07
539 -53.8 -4.31563E-07
540 -53.9 -4.33427E-07
541 -54 -4.35327E-07
542 -54.1 -4.3688E-07
543 -54.2 -4.38667E-07
544 -54.3 -4.40757E-07
545 -54.4 -4.42374E-07
546 -54.5 -4.44703E-07
547 -54.6 -4.46438E-07
548 -54.7 -4.4815E-07
549 -54.8 -4.50747E-07
550 -54.9 -4.52248E-07
551 -55 -4.54115E-07
552 -55.1 -4.56013E-07
553 -55.2 -4.58481E-07
554 -55.3 -4.6095E-07
555 -55.4 -4.62787E-07
556 -55.5 -4.65329E-07
557 -55.6 -4.6781E-07
558 -55.7 -4.70174E-07
559 -55.8 -4.72545E-07
560 -55.9 -4.75317E-07
561 -56 -4.77667E-07
562 -56.1 -4.80167E-07
563 -56.2 -4.82761E-07
564 -56.3 -4.8535E-07
565 -56.4 -4.87854E-07
566 -56.5 -4.90373E-07
567 -56.6 -4.93391E-07
568 -56.7 -4.96393E-07
569 -56.8 -4.99548E-07
570 -56.9 -5.0197E-07
571 -57 -5.07102E-07
572 -57.1 -5.09711E-07
573 -57.2 -5.13034E-07
574 -57.3 -5.16602E-07
575 -57.4 -5.17906E-07
576 -57.5 -5.20795E-07
577 -57.6 -5.24584E-07
578 -57.7 -5.28289E-07
579 -57.8 -5.31172E-07
580 -57.9 -5.34294E-07
581 -58 -5.39202E-07
582 -58.1 -5.42046E-07
583 -58.2 -5.46225E-07
584 -58.3 -5.49903E-07
585 -58.4 -5.53919E-07
586 -58.5 -5.57496E-07
587 -58.6 -5.6125E-07
588 -58.7 -5.6494E-07
589 -58.8 -5.69328E-07
590 -58.9 -5.73064E-07
591 -59 -5.77687E-07
592 -59.1 -5.82521E-07
593 -59.2 -5.86467E-07
594 -59.3 -5.9092E-07
595 -59.4 -5.95912E-07
596 -59.5 -5.99715E-07
597 -59.6 -6.05432E-07
598 -59.7 -6.1287E-07
599 -59.8 -6.17933E-07
600 -59.9 -6.22684E-07
601 -60 -6.27858E-07
602 -60.1 -6.34085E-07
603 -60.2 -6.39667E-07
604 -60.3 -6.44288E-07
605 -60.4 -6.48687E-07
606 -60.5 -6.54389E-07
607 -60.6 -6.59668E-07
608 -60.7 -6.65115E-07
609 -60.8 -6.7067E-07
610 -60.9 -6.76522E-07
611 -61 -6.83058E-07
612 -61.1 -6.89629E-07
613 -61.2 -6.97483E-07
614 -61.3 -7.04934E-07
615 -61.4 -7.1406E-07
616 -61.5 -7.27882E-07
617 -61.6 -7.55061E-07
618 -61.7 -8.08898E-07
619 -61.8 -8.62798E-07
620 -61.9 -9.69275E-07
621 -62 -1.046021E-06
622 -62.1 -1.15293E-06
623 -62.2 -1.4306E-06
624 -62.3 -1.65578E-06
625 -62.4 -1.84215E-06
626 -62.5 -2.11165E-06
627 -62.6 -2.3719E-06
628 -62.7 -2.8117E-06
629 -62.8 -3.33081E-06
630 -62.9 -3.89175E-06
631 -63 -4.59414E-06
632 -63.1 -5.48356E-06
633 -63.2 -7.27394E-06
634 -63.3 -9.53045E-06
635 -63.4 -1.09666E-05
636 -63.5 -2.37685E-05
637 -63.6 -2.76095E-05
638 -63.7 -2.6799E-05
639 -63.8 -2.61259E-05
640 -63.9 -3.49355E-05
641 -64 -2.17459E-05
642 -64.1 -4.14839E-05
643 -64.2 -4.39292E-05
644 -64.3 -4.76518E-05
645 -64.4 -4.65661E-05
646 -64.5 -4.42381E-05
647 -64.6 -4.57494E-05
648 -64.7 -4.50767E-05
649 -64.8 -4.4831E-05
650 -64.9 -4.19965E-05
651 -65 -4.90673E-05
